5.000000000000000104e-03 1.773480800000000238e+09
1.499999999999999944e-02 2.016212999999999523e+09
2.500000000000000139e-02 1.997195199999999523e+09
3.500000000000000333e-02 2.319819400000000954e+09
4.499999999999999833e-02 3.866841099999999046e+09
5.500000000000000028e-02 6.325956999999999046e+09
6.500000000000000222e-02 8.522006000000003815e+09
7.499999999999999722e-02 1.004884209999999046e+10
8.500000000000000611e-02 1.055626270000000572e+10
9.500000000000000111e-02 1.068035210000000572e+10
1.049999999999999961e-01 1.041157629999999046e+10
1.150000000000000050e-01 9.878637300000005722e+09
1.250000000000000000e-01 9.577856699999992371e+09
1.350000000000000089e-01 8.907635700000017166e+09
1.449999999999999900e-01 8.432337699999992371e+09
1.549999999999999989e-01 7.815676699999993324e+09
1.650000000000000078e-01 7.237327500000013351e+09
1.749999999999999889e-01 6.780039799999994278e+09
1.849999999999999978e-01 6.375109599999994278e+09
1.950000000000000067e-01 6.075263100000011444e+09
2.049999999999999878e-01 5.551707799999995232e+09
2.149999999999999967e-01 5.120746799999995232e+09
2.250000000000000056e-01 4.699684000000008583e+09
2.349999999999999867e-01 4.640010099999996185e+09
2.449999999999999956e-01 4.233874466666662693e+09
2.600000000000000089e-01 3.675832599999996662e+09
2.800000000000000266e-01 3.182282800000006199e+09
2.999999999999999889e-01 2.911512949999997616e+09
3.200000000000000067e-01 2.468019949999997616e+09
3.400000000000000244e-01 2.131091300000004053e+09
3.599999999999999867e-01 2.022946449999998093e+09
3.800000000000000044e-01 1.754384999999998331e+09
4.000000000000000222e-01 1.582159400000003099e+09
4.199999999999999845e-01 1.414813349999998808e+09
4.400000000000000022e-01 1.302709999999998808e+09
4.600000000000000200e-01 1.173879650000002146e+09
4.799999999999999822e-01 1.125799699999999046e+09
5.000000000000000000e-01 1.498302699999998569e+09
5.200000000000000178e-01 8.999462999999991655e+08
5.400000000000000355e-01 8.512525714285733700e+08
5.749999999999999556e-01 7.612648799999992847e+08
6.250000000000000000e-01 6.466207399999994040e+08
6.750000000000000444e-01 5.633301600000007153e+08
7.249999999999999778e-01 4.970396799999995828e+08
7.750000000000000222e-01 4.533432600000005960e+08
8.249999999999999556e-01 4.050268399999996424e+08
8.750000000000000000e-01 3.462292799999997020e+08
9.250000000000000444e-01 3.036542000000004172e+08
9.749999999999999778e-01 3.042484533333330750e+08
1.050000000000000044e+00 2.330635600000002980e+08
1.149999999999999911e+00 2.225561199999997914e+08
1.250000000000000000e+00 1.905092599999998212e+08
1.350000000000000089e+00 1.655930400000002086e+08
1.449999999999999956e+00 1.505384799999998808e+08
1.550000000000000044e+00 1.355803900000001788e+08
1.649999999999999911e+00 1.221303099999998957e+08
1.750000000000000000e+00 1.141535899999998957e+08
1.850000000000000089e+00 9.680027000000013411e+07
1.949999999999999956e+00 9.313543000000011921e+07
2.049999999999999822e+00 8.906500999999992549e+07
2.149999999999999911e+00 7.760299999999992549e+07
2.250000000000000000e+00 7.078439999999994040e+07
2.350000000000000089e+00 6.863077999999994040e+07
2.450000000000000178e+00 6.708744666666670889e+07
2.600000000000000089e+00 5.703502000000007451e+07
2.799999999999999822e+00 5.214704499999995530e+07
3.000000000000000000e+00 4.447585999999996275e+07
3.200000000000000178e+00 4.197660500000005960e+07
3.399999999999999911e+00 3.727414999999997020e+07
3.600000000000000089e+00 3.630681500000004470e+07
3.799999999999999822e+00 3.003291999999997392e+07
4.000000000000000000e+00 2.864607999999997392e+07
4.200000000000000178e+00 2.705111999999997765e+07
4.400000000000000355e+00 2.459854000000008568e+07
4.599999999999999645e+00 2.357005999999997765e+07
4.799999999999999822e+00 2.021958999999998137e+07
5.000000000000000000e+00 1.933949499999998137e+07
5.200000000000000178e+00 1.838262499999998510e+07
5.400000000000000355e+00 1.749087000000006333e+07
5.599999999999999645e+00 1.622569499999998510e+07
5.799999999999999822e+00 1.538145999999998696e+07
6.000000000000000000e+00 1.388497499999998696e+07
6.200000000000000178e+00 1.349436999999998882e+07
6.400000000000000355e+00 1.282687500000004470e+07
6.599999999999999645e+00 1.202287499999998882e+07
6.799999999999999822e+00 1.138774999999999069e+07
7.000000000000000000e+00 1.095948499999999069e+07
7.200000000000000178e+00 1.040632499999999069e+07
7.400000000000000355e+00 8.478957142857151106e+06
7.750000000000000000e+00 7.904566000000000000e+06
8.250000000000000000e+00 6.863538000000000000e+06
8.750000000000000000e+00 5.548170000000000000e+06
9.250000000000000000e+00 4.974504000000000000e+06
9.750000000000000000e+00 4.079844000000000000e+06
1.025000000000000000e+01 3.503440000000000000e+06
1.075000000000000000e+01 3.200770000000000000e+06
1.125000000000000000e+01 2.727620000000000000e+06
1.175000000000000000e+01 2.201938000000000000e+06
1.225000000000000000e+01 1.891532000000000000e+06
1.275000000000000000e+01 1.652214000000000000e+06
1.325000000000000000e+01 1.349734000000000000e+06
1.375000000000000000e+01 1.228346000000000000e+06
1.425000000000000000e+01 1.014088000000000000e+06
1.475000000000000000e+01 8.520240000000000000e+05
1.550000000000000000e+01 6.210560000000000000e+05
1.650000000000000000e+01 4.440490000000000000e+05
1.750000000000000000e+01 3.446490000000000000e+05
1.850000000000000000e+01 2.349410000000000000e+05
1.950000000000000000e+01 1.628530000000000000e+05
2.050000000000000000e+01 1.143900000000000000e+05
2.150000000000000000e+01 8.278100000000000000e+04
2.250000000000000000e+01 5.665500000000000000e+04
2.350000000000000000e+01 3.828600000000000000e+04
2.450000000000000000e+01 2.844900000000000000e+04
2.550000000000000000e+01 1.705900000000000000e+04
2.650000000000000000e+01 1.244900000000000000e+04
2.750000000000000000e+01 8.995000000000000000e+03
2.850000000000000000e+01 6.101000000000000000e+03
2.950000000000000000e+01 3.845000000000000000e+03
3.050000000000000000e+01 2.874000000000000000e+03
3.150000000000000000e+01 1.633000000000000000e+03
3.250000000000000000e+01 7.520000000000000000e+02
3.350000000000000000e+01 3.770000000000000000e+02
3.450000000000000000e+01 1.930000000000000000e+02
3.550000000000000000e+01 7.800000000000000000e+01
3.650000000000000000e+01 2.200000000000000000e+01
3.750000000000000000e+01 1.100000000000000000e+01
3.850000000000000000e+01 2.000000000000000000e+00
3.950000000000000000e+01 0.000000000000000000e+00
