# Relative_Time(µs) ADC amplitude
0.011605	432.000000
0.024105	432.000000
0.036605	432.000000
0.049105	432.000000
0.061606	432.000000
0.074106	432.000000
0.086606	432.000000
0.099106	432.000000
0.111606	432.000000
0.124106	432.000000
0.136606	432.000000
0.149106	432.000000
0.161606	432.000000
0.174106	432.000000
0.186606	432.000000
0.199107	432.000000
0.211607	432.000000
0.224103	432.000000
0.236603	432.000000
0.249103	432.000000
0.261603	432.000000
0.274104	432.000000
0.286604	432.000000
0.299104	432.000000
0.311604	432.000000
0.324104	432.000000
0.336604	432.000000
0.349104	432.000000
0.361604	432.000000
0.374104	432.000000
0.386604	432.000000
0.399104	432.000000
0.411605	432.000000
0.424105	432.000000
0.436605	432.000000
0.449105	432.000000
0.461605	432.000000
0.474105	432.000000
0.486605	432.000000
0.499105	432.000000
0.511605	432.000000
0.524105	432.000000
0.536606	432.000000
0.549106	432.000000
0.561606	432.000000
0.574106	432.000000
0.586606	432.000000
0.599106	432.000000
0.611606	432.000000
0.624106	432.000000
0.636606	432.000000
0.649106	432.000000
0.661606	432.000000
0.674107	432.000000
0.686607	432.000000
0.699107	432.000000
0.711603	432.000000
0.724103	432.000000
0.736603	432.000000
0.749103	432.000000
0.761604	432.000000
0.774104	432.000000
0.786604	432.000000
0.799104	432.000000
0.811604	432.000000
0.824104	432.000000
0.836604	432.000000
0.849104	432.000000
0.861604	432.000000
0.874104	432.000000
0.886605	432.000000
0.899105	432.000000
0.911605	432.000000
0.924105	432.000000
0.936605	432.000000
0.949105	432.000000
0.961605	432.000000
0.974105	432.000000
0.986605	432.000000
0.999105	432.000000
1.011605	432.000000
1.024106	432.000000
1.036606	432.000000
1.049106	432.000000
1.061606	432.000000
1.074106	448.000000
1.086606	512.000000
1.099106	624.000000
1.111606	800.000000
1.124106	992.000000
1.136606	1168.000000
1.149107	1344.000000
1.161607	1504.000000
1.174103	1616.000000
1.186603	1696.000000
1.199103	1744.000000
1.211603	1744.000000
1.224103	1728.000000
1.236604	1664.000000
1.249104	1600.000000
1.261604	1504.000000
1.274104	1392.000000
1.286604	1296.000000
1.299104	1216.000000
1.311604	1136.000000
1.324104	1056.000000
1.336604	976.000000
1.349104	912.000000
1.361605	864.000000
1.374105	816.000000
1.386605	768.000000
1.399105	736.000000
1.411605	704.000000
1.424105	672.000000
1.436605	656.000000
1.449105	640.000000
1.461605	624.000000
1.474105	608.000000
1.486605	608.000000
1.499106	592.000000
1.511606	576.000000
1.524106	576.000000
1.536606	560.000000
1.549106	560.000000
1.561606	560.000000
1.574106	544.000000
1.586606	528.000000
1.599106	528.000000
1.611606	528.000000
1.624107	512.000000
1.636607	496.000000
1.649107	496.000000
1.661607	496.000000
1.674103	480.000000
1.686603	480.000000
1.699103	480.000000
1.711604	480.000000
1.724104	464.000000
1.736604	464.000000
1.749104	464.000000
1.761604	464.000000
1.774104	464.000000
1.786604	464.000000
1.799104	464.000000
1.811604	464.000000
1.824104	464.000000
1.836604	464.000000
1.849105	448.000000
1.861605	448.000000
1.874105	448.000000
1.886605	448.000000
1.899105	448.000000
1.911605	448.000000
1.924105	448.000000
1.936605	448.000000
1.949105	448.000000
1.961605	448.000000
1.974106	448.000000
1.986606	432.000000
1.999106	448.000000
2.011606	448.000000
2.024106	432.000000
2.036606	432.000000
2.049106	432.000000
2.061606	448.000000
2.074106	432.000000
2.086606	432.000000
2.099106	432.000000
2.111607	432.000000
2.124107	432.000000
2.136603	432.000000
2.149103	432.000000
2.161603	432.000000
2.174103	432.000000
2.186604	432.000000
2.199104	432.000000
2.211604	432.000000
2.224104	432.000000
2.236604	432.000000
2.249104	432.000000
2.261604	432.000000
2.274104	432.000000
2.286604	432.000000
2.299104	432.000000
2.311604	432.000000
2.324105	432.000000
2.336605	432.000000
2.349105	432.000000
2.361605	432.000000
2.374105	432.000000
2.386605	432.000000
2.399105	432.000000
2.411605	432.000000
2.424105	432.000000
2.436605	432.000000
2.449106	432.000000
2.461606	432.000000
2.474106	432.000000
2.486606	432.000000
2.499106	432.000000
2.511606	432.000000
2.524106	432.000000
2.536606	432.000000
2.549106	432.000000
2.561606	432.000000
2.574106	432.000000
2.586607	432.000000
2.599107	432.000000
2.611607	432.000000
2.624103	432.000000
2.636603	432.000000
2.649103	432.000000
2.661604	432.000000
2.674104	432.000000
2.686604	432.000000
2.699104	432.000000
2.711604	432.000000
2.724104	432.000000
2.736604	432.000000
2.749104	432.000000
2.761604	432.000000
2.774104	432.000000
2.786604	432.000000
2.799105	432.000000
2.811605	432.000000
2.824105	432.000000
2.836605	432.000000
2.849105	432.000000
2.861605	432.000000
2.874105	432.000000
2.886605	432.000000
2.899105	432.000000
2.911605	432.000000
2.924106	432.000000
2.936606	432.000000
2.949106	432.000000
2.961606	432.000000
2.974106	432.000000
2.986606	432.000000
2.999106	432.000000
3.011606	432.000000
3.024106	432.000000
3.036606	432.000000
3.049106	432.000000
3.061607	432.000000
3.074107	432.000000
3.086603	432.000000
3.099103	432.000000
3.111603	432.000000
3.124103	432.000000
3.136603	432.000000
3.149104	432.000000
3.161604	432.000000
3.174104	432.000000
3.186604	432.000000
3.199104	432.000000
3.211604	432.000000
3.224104	432.000000
3.236604	432.000000
3.249104	432.000000
3.261604	432.000000
3.274105	432.000000
3.286605	432.000000
3.299105	432.000000
3.311605	432.000000
3.324105	432.000000
3.336605	432.000000
3.349105	432.000000
3.361605	432.000000
3.374105	432.000000
3.386605	432.000000
3.399105	432.000000
3.411606	432.000000
3.424106	432.000000
3.436606	432.000000
3.449106	432.000000
3.461606	432.000000
3.474106	432.000000
3.486606	432.000000
3.499106	432.000000
3.511606	432.000000
3.524106	432.000000
3.536607	432.000000
3.549107	432.000000
3.561607	432.000000
3.574107	432.000000
3.586603	432.000000
3.599103	432.000000
3.611603	432.000000
3.624104	432.000000
3.636604	432.000000
3.649104	432.000000
3.661604	432.000000
3.674104	432.000000
3.686604	432.000000
3.699104	432.000000
3.711604	432.000000
3.724104	432.000000
3.736604	432.000000
3.749105	432.000000
3.761605	432.000000
3.774105	432.000000
3.786605	432.000000
3.799105	432.000000
3.811605	432.000000
3.824105	432.000000
3.836605	432.000000
3.849105	432.000000
3.861605	432.000000
3.874105	432.000000
3.886606	432.000000
3.899106	432.000000
3.911606	432.000000
3.924106	432.000000
3.936606	432.000000
3.949106	432.000000
3.961606	432.000000
3.974106	432.000000
3.986606	432.000000
3.999106	432.000000
4.011607	432.000000
4.024107	432.000000
4.036607	432.000000
4.049103	432.000000
4.061603	432.000000
4.074103	432.000000
4.086603	432.000000
4.099104	432.000000
4.111604	432.000000
4.124104	432.000000
4.136604	432.000000
4.149104	432.000000
4.161604	432.000000
4.174104	432.000000
4.186604	432.000000
4.199104	432.000000
4.211604	432.000000
4.224104	432.000000
4.236605	432.000000
4.249105	432.000000
4.261605	432.000000
4.274105	432.000000
4.286605	432.000000
4.299105	432.000000
4.311605	432.000000
4.324105	432.000000
4.336605	432.000000
4.349105	432.000000
4.361606	432.000000
4.374106	432.000000
4.386606	432.000000
4.399106	432.000000
4.411606	432.000000
4.424106	432.000000
4.436606	432.000000
4.449106	432.000000
4.461606	432.000000
4.474106	432.000000
4.486606	432.000000
4.499107	432.000000
4.511607	432.000000
4.524107	432.000000
4.536603	432.000000
4.549103	432.000000
4.561603	432.000000
4.574104	432.000000
4.586604	432.000000
4.599104	432.000000
4.611604	432.000000
4.624104	432.000000
4.636604	432.000000
4.649104	432.000000
4.661604	432.000000
4.674104	432.000000
4.686604	432.000000
4.699104	432.000000
4.711605	432.000000
4.724105	432.000000
4.736605	432.000000
4.749105	432.000000
4.761605	432.000000
4.774105	432.000000
4.786605	432.000000
4.799105	432.000000
4.811605	432.000000
4.824105	432.000000
4.836606	432.000000
4.849106	432.000000
4.861606	432.000000
4.874106	432.000000
4.886606	432.000000
4.899106	432.000000
4.911606	432.000000
4.924106	432.000000
4.936606	432.000000
4.949106	432.000000
4.961606	432.000000
4.974107	432.000000
4.986607	432.000000
4.999103	432.000000
5.011603	432.000000
5.024103	432.000000
5.036603	432.000000
5.049103	432.000000
5.061604	432.000000
5.074104	432.000000
5.086604	432.000000
5.099104	432.000000
5.111604	432.000000
5.124104	432.000000
5.136604	432.000000
5.149104	432.000000
5.161604	432.000000
5.174104	432.000000
5.186605	432.000000
5.199105	432.000000
5.211605	432.000000
5.224105	432.000000
5.236605	432.000000
5.249105	432.000000
5.261605	432.000000
5.274105	432.000000
5.286605	432.000000
5.299105	432.000000
5.311605	432.000000
5.324106	432.000000
5.336606	432.000000
5.349106	432.000000
5.361606	432.000000
5.374106	432.000000
5.386606	432.000000
5.399106	432.000000
5.411606	432.000000
5.424106	432.000000
5.436606	432.000000
5.449107	432.000000
5.461607	432.000000
5.474107	432.000000
5.486607	432.000000
5.499103	432.000000
5.511603	432.000000
5.524103	432.000000
5.536604	432.000000
5.549104	432.000000
5.561604	432.000000
5.574104	432.000000
5.586604	432.000000
5.599104	432.000000
5.611604	432.000000
5.624104	432.000000
5.636604	432.000000
5.649104	432.000000
5.661605	432.000000
5.674105	432.000000
5.686605	432.000000
5.699105	432.000000
5.711605	432.000000
5.724105	432.000000
5.736605	432.000000
5.749105	432.000000
5.761605	432.000000
5.774105	432.000000
5.786605	432.000000
5.799106	432.000000
5.811606	432.000000
5.824106	432.000000
5.836606	432.000000
5.849106	432.000000
5.861606	432.000000
5.874106	432.000000
5.886606	432.000000
5.899106	432.000000
5.911606	432.000000
5.924107	432.000000
5.936607	432.000000
5.949107	432.000000
5.961603	432.000000
5.974103	432.000000
5.986603	432.000000
5.999103	432.000000
